SG6043
      1.000000    0.001010
      0.950000    0.008980
      0.900000    0.017550
      0.800000    0.035040
      0.700000    0.052150
      0.600000    0.068210
      0.500000    0.081820
      0.400000    0.091390
      0.300000    0.094950
      0.200000    0.089940
      0.150000    0.083430
      0.100000    0.072890
      0.050000    0.055100
      0.025000    0.040680
      0.012500    0.029830
      0.000000    0.000000
      0.012500   -0.013550
      0.025000   -0.018220
      0.050000   -0.023240
      0.100000   -0.026950
      0.200000   -0.028240
      0.300000   -0.026450
      0.400000   -0.022940
      0.500000   -0.018510
      0.600000   -0.013950
      0.700000   -0.009490
      0.800000   -0.005570
      0.900000   -0.002340
      0.950000   -0.001050
      1.000000    0.000000